Lat: 38.894939
Lon: 23.401405